Welcome to LU factorization without pivoting.
***********************************************************
                       M A T R I X                         
                                                          
==============================
  number of rows        :   21
  number of colons      :   21
  type of matrix        :hilbert   
==============================
                                                          
     1.0000000     0.5000000     0.3333333     0.2500000     0.2000000     0.1666667     0.1428571     0.1250000     0.1111111     0.1000000     0.0909091     0.0833333     0.0769231     0.0714286     0.0666667     0.0625000     0.0588235     0.0555556     0.0526316     0.0500000     0.0476190
     0.5000000     0.3333333     0.2500000     0.2000000     0.1666667     0.1428571     0.1250000     0.1111111     0.1000000     0.0909091     0.0833333     0.0769231     0.0714286     0.0666667     0.0625000     0.0588235     0.0555556     0.0526316     0.0500000     0.0476190     0.0454545
     0.3333333     0.2500000     0.2000000     0.1666667     0.1428571     0.1250000     0.1111111     0.1000000     0.0909091     0.0833333     0.0769231     0.0714286     0.0666667     0.0625000     0.0588235     0.0555556     0.0526316     0.0500000     0.0476190     0.0454545     0.0434783
     0.2500000     0.2000000     0.1666667     0.1428571     0.1250000     0.1111111     0.1000000     0.0909091     0.0833333     0.0769231     0.0714286     0.0666667     0.0625000     0.0588235     0.0555556     0.0526316     0.0500000     0.0476190     0.0454545     0.0434783     0.0416667
     0.2000000     0.1666667     0.1428571     0.1250000     0.1111111     0.1000000     0.0909091     0.0833333     0.0769231     0.0714286     0.0666667     0.0625000     0.0588235     0.0555556     0.0526316     0.0500000     0.0476190     0.0454545     0.0434783     0.0416667     0.0400000
     0.1666667     0.1428571     0.1250000     0.1111111     0.1000000     0.0909091     0.0833333     0.0769231     0.0714286     0.0666667     0.0625000     0.0588235     0.0555556     0.0526316     0.0500000     0.0476190     0.0454545     0.0434783     0.0416667     0.0400000     0.0384615
     0.1428571     0.1250000     0.1111111     0.1000000     0.0909091     0.0833333     0.0769231     0.0714286     0.0666667     0.0625000     0.0588235     0.0555556     0.0526316     0.0500000     0.0476190     0.0454545     0.0434783     0.0416667     0.0400000     0.0384615     0.0370370
     0.1250000     0.1111111     0.1000000     0.0909091     0.0833333     0.0769231     0.0714286     0.0666667     0.0625000     0.0588235     0.0555556     0.0526316     0.0500000     0.0476190     0.0454545     0.0434783     0.0416667     0.0400000     0.0384615     0.0370370     0.0357143
     0.1111111     0.1000000     0.0909091     0.0833333     0.0769231     0.0714286     0.0666667     0.0625000     0.0588235     0.0555556     0.0526316     0.0500000     0.0476190     0.0454545     0.0434783     0.0416667     0.0400000     0.0384615     0.0370370     0.0357143     0.0344828
     0.1000000     0.0909091     0.0833333     0.0769231     0.0714286     0.0666667     0.0625000     0.0588235     0.0555556     0.0526316     0.0500000     0.0476190     0.0454545     0.0434783     0.0416667     0.0400000     0.0384615     0.0370370     0.0357143     0.0344828     0.0333333
     0.0909091     0.0833333     0.0769231     0.0714286     0.0666667     0.0625000     0.0588235     0.0555556     0.0526316     0.0500000     0.0476190     0.0454545     0.0434783     0.0416667     0.0400000     0.0384615     0.0370370     0.0357143     0.0344828     0.0333333     0.0322581
     0.0833333     0.0769231     0.0714286     0.0666667     0.0625000     0.0588235     0.0555556     0.0526316     0.0500000     0.0476190     0.0454545     0.0434783     0.0416667     0.0400000     0.0384615     0.0370370     0.0357143     0.0344828     0.0333333     0.0322581     0.0312500
     0.0769231     0.0714286     0.0666667     0.0625000     0.0588235     0.0555556     0.0526316     0.0500000     0.0476190     0.0454545     0.0434783     0.0416667     0.0400000     0.0384615     0.0370370     0.0357143     0.0344828     0.0333333     0.0322581     0.0312500     0.0303030
     0.0714286     0.0666667     0.0625000     0.0588235     0.0555556     0.0526316     0.0500000     0.0476190     0.0454545     0.0434783     0.0416667     0.0400000     0.0384615     0.0370370     0.0357143     0.0344828     0.0333333     0.0322581     0.0312500     0.0303030     0.0294118
     0.0666667     0.0625000     0.0588235     0.0555556     0.0526316     0.0500000     0.0476190     0.0454545     0.0434783     0.0416667     0.0400000     0.0384615     0.0370370     0.0357143     0.0344828     0.0333333     0.0322581     0.0312500     0.0303030     0.0294118     0.0285714
     0.0625000     0.0588235     0.0555556     0.0526316     0.0500000     0.0476190     0.0454545     0.0434783     0.0416667     0.0400000     0.0384615     0.0370370     0.0357143     0.0344828     0.0333333     0.0322581     0.0312500     0.0303030     0.0294118     0.0285714     0.0277778
     0.0588235     0.0555556     0.0526316     0.0500000     0.0476190     0.0454545     0.0434783     0.0416667     0.0400000     0.0384615     0.0370370     0.0357143     0.0344828     0.0333333     0.0322581     0.0312500     0.0303030     0.0294118     0.0285714     0.0277778     0.0270270
     0.0555556     0.0526316     0.0500000     0.0476190     0.0454545     0.0434783     0.0416667     0.0400000     0.0384615     0.0370370     0.0357143     0.0344828     0.0333333     0.0322581     0.0312500     0.0303030     0.0294118     0.0285714     0.0277778     0.0270270     0.0263158
     0.0526316     0.0500000     0.0476190     0.0454545     0.0434783     0.0416667     0.0400000     0.0384615     0.0370370     0.0357143     0.0344828     0.0333333     0.0322581     0.0312500     0.0303030     0.0294118     0.0285714     0.0277778     0.0270270     0.0263158     0.0256410
     0.0500000     0.0476190     0.0454545     0.0434783     0.0416667     0.0400000     0.0384615     0.0370370     0.0357143     0.0344828     0.0333333     0.0322581     0.0312500     0.0303030     0.0294118     0.0285714     0.0277778     0.0270270     0.0263158     0.0256410     0.0250000
     0.0476190     0.0454545     0.0434783     0.0416667     0.0400000     0.0384615     0.0370370     0.0357143     0.0344828     0.0333333     0.0322581     0.0312500     0.0303030     0.0294118     0.0285714     0.0277778     0.0270270     0.0263158     0.0256410     0.0250000     0.0243902
***********************************************************
                                                          
                                                          
Pivot control passed.
Control on machine precision value passed.
***********************************************************
                       M A T R I X                         
                                                          
==============================
  number of rows        :   21
  number of colons      :   21
  type of matrix        :Lower Tria
==============================
                                                          
     1.0000000     0.0000000     0.0000000     0.0000000     0.0000000     0.0000000     0.0000000     0.0000000     0.0000000     0.0000000     0.0000000     0.0000000     0.0000000     0.0000000     0.0000000     0.0000000     0.0000000     0.0000000     0.0000000     0.0000000     0.0000000
     0.5000000     1.0000000     0.0000000     0.0000000     0.0000000     0.0000000     0.0000000     0.0000000     0.0000000     0.0000000     0.0000000     0.0000000     0.0000000     0.0000000     0.0000000     0.0000000     0.0000000     0.0000000     0.0000000     0.0000000     0.0000000
     0.3333333     1.0000000     1.0000000     0.0000000     0.0000000     0.0000000     0.0000000     0.0000000     0.0000000     0.0000000     0.0000000     0.0000000     0.0000000     0.0000000     0.0000000     0.0000000     0.0000000     0.0000000     0.0000000     0.0000000     0.0000000
     0.2500000     0.9000000     1.5000000     1.0000000     0.0000000     0.0000000     0.0000000     0.0000000     0.0000000     0.0000000     0.0000000     0.0000000     0.0000000     0.0000000     0.0000000     0.0000000     0.0000000     0.0000000     0.0000000     0.0000000     0.0000000
     0.2000000     0.8000000     1.7142857     2.0000000     1.0000000     0.0000000     0.0000000     0.0000000     0.0000000     0.0000000     0.0000000     0.0000000     0.0000000     0.0000000     0.0000000     0.0000000     0.0000000     0.0000000     0.0000000     0.0000000     0.0000000
     0.1666667     0.7142857     1.7857143     2.7777778     2.5000000     1.0000000     0.0000000     0.0000000     0.0000000     0.0000000     0.0000000     0.0000000     0.0000000     0.0000000     0.0000000     0.0000000     0.0000000     0.0000000     0.0000000     0.0000000     0.0000000
     0.1428571     0.6428571     1.7857143     3.3333333     4.0909091     3.0000000     1.0000000     0.0000000     0.0000000     0.0000000     0.0000000     0.0000000     0.0000000     0.0000000     0.0000000     0.0000000     0.0000000     0.0000000     0.0000000     0.0000000     0.0000000
     0.1250000     0.5833333     1.7500000     3.7121212     5.5681818     5.6538462     3.5000000     1.0000000     0.0000000     0.0000000     0.0000000     0.0000000     0.0000000     0.0000000     0.0000000     0.0000000     0.0000000     0.0000000     0.0000000     0.0000000     0.0000000
     0.1111111     0.5333333     1.6969697     3.9595960     6.8531469     8.6153846     7.4666667     3.9999999     1.0000000     0.0000000     0.0000000     0.0000000     0.0000000     0.0000000     0.0000000     0.0000000     0.0000000     0.0000000     0.0000000     0.0000000     0.0000000
     0.1000000     0.4909091     1.6363636     4.1118881     7.9300699    11.6307692    12.6000000     9.5294116     4.4999939     1.0000000     0.0000000     0.0000000     0.0000000     0.0000000     0.0000000     0.0000000     0.0000000     0.0000000     0.0000000     0.0000000     0.0000000
     0.0909091     0.4545455     1.5734266     4.1958042     8.8111888    14.5384615    18.5294118    17.6470585    11.8420830     4.9998323     1.0000000     0.0000000     0.0000000     0.0000000     0.0000000     0.0000000     0.0000000     0.0000000     0.0000000     0.0000000     0.0000000
     0.0833333     0.4230769     1.5109890     4.2307692     9.5192308    17.2466063    24.9117648    28.0959747    23.8815265    14.4040398     5.4961468     1.0000000     0.0000000     0.0000000     0.0000000     0.0000000     0.0000000     0.0000000     0.0000000     0.0000000     0.0000000
     0.0769231     0.3956044     1.4505495     4.2307692    10.0791855    19.7104072    31.4674923    40.4582037    40.9397514    31.4266495    17.1989497     5.9203821     1.0000000     0.0000000     0.0000000     0.0000000     0.0000000     0.0000000     0.0000000     0.0000000     0.0000000
     0.0714286     0.3714286     1.3928571     4.2058824    10.5147059    21.9148607    37.9857586    54.2653685    62.8983367    57.7289277    40.3601423    19.8412142     6.1256296     1.0000000     0.0000000     0.0000000     0.0000000     0.0000000     0.0000000     0.0000000     0.0000000
     0.0666667     0.3500000     1.3382353     4.1633987    10.8467492    23.8628483    44.3167184    69.0650146    89.3338600    94.2900377    79.0918091    49.5830970    20.8854909     2.4844494     1.0000000     0.0000000     0.0000000     0.0000000     0.0000000     0.0000000     0.0000000
     0.0625000     0.3308824     1.2867647     4.1086171    11.0932663    25.5673375    50.3599073    84.4545016   119.6435533   141.4344069   136.8714345   102.8804477    53.2157787     1.7977722     5.3490004     1.0000000     0.0000000     0.0000000     0.0000000     0.0000000     0.0000000
     0.0588235     0.3137255     1.2383901     4.0454076    11.2693498    27.0464396    56.0527663   100.0942242   153.1437384   198.9399897   216.2676584   187.5454964   112.7978009    -6.3265274    16.9203138     2.5159182     1.0000000     0.0000000     0.0000000     0.0000000     0.0000000
     0.0555556     0.2982456     1.1929825     3.9766082    11.3875598    28.3203661    61.3607935   115.7089232   189.1390518   266.1735586   318.8569147   310.7399018   210.2242836   -30.3041429    41.1625463     2.8560027     5.0715720     1.0000000     0.0000000     0.0000000     0.0000000
     0.0526316     0.2842105     1.1503759     3.9043062    11.4582900    29.4096110    66.2696569   131.0828361   226.9668527   342.2223045   445.2685124   478.4762929   356.1749942   -80.9836676    84.6932919    -3.0898287    15.9261758     1.4349572     1.0000000     0.0000000     0.0000000
     0.0500000     0.2714286     1.1103896     3.8300395    11.4901186    30.3339130    70.7791306   146.0521724   266.0228274   426.0068841   595.3047905   695.3453357   560.6546654  -171.0185077   154.8686545   -24.2039434    39.1506924    -1.0538439     4.6244668     1.0000000     0.0000000
     0.0476190     0.2597403     1.0728402     3.7549407    11.4901186    31.1117057    74.8985509   160.4968929   305.7733556   516.3710642   768.0959284   964.4145208   832.4699242  -313.8979791   259.2929215   -72.9163585    81.8956429   -11.5912330    13.6557623     4.6397553     1.0000000
***********************************************************
                                                          
                                                          
***********************************************************
                       M A T R I X                         
                                                          
==============================
  number of rows        :   21
  number of colons      :   21
  type of matrix        :Upper Tria
==============================
                                                          
     1.0000000     0.5000000     0.3333333     0.2500000     0.2000000     0.1666667     0.1428571     0.1250000     0.1111111     0.1000000     0.0909091     0.0833333     0.0769231     0.0714286     0.0666667     0.0625000     0.0588235     0.0555556     0.0526316     0.0500000     0.0476190
     0.0000000     0.0833333     0.0833333     0.0750000     0.0666667     0.0595238     0.0535714     0.0486111     0.0444444     0.0409091     0.0378788     0.0352564     0.0329670     0.0309524     0.0291667     0.0275735     0.0261438     0.0248538     0.0236842     0.0226190     0.0216450
     0.0000000     0.0000000     0.0055556     0.0083333     0.0095238     0.0099206     0.0099206     0.0097222     0.0094276     0.0090909     0.0087413     0.0083944     0.0080586     0.0077381     0.0074346     0.0071487     0.0068799     0.0066277     0.0063910     0.0061688     0.0059602
     0.0000000     0.0000000     0.0000000     0.0003571     0.0007143     0.0009921     0.0011905     0.0013258     0.0014141     0.0014685     0.0014985     0.0015110     0.0015110     0.0015021     0.0014869     0.0014674     0.0014448     0.0014202     0.0013944     0.0013679     0.0013411
     0.0000000     0.0000000     0.0000000     0.0000000     0.0000227     0.0000567     0.0000928     0.0001263     0.0001554     0.0001798     0.0001998     0.0002159     0.0002286     0.0002384     0.0002460     0.0002515     0.0002555     0.0002582     0.0002598     0.0002605     0.0002605
     0.0000000     0.0000000     0.0000000     0.0000000     0.0000000     0.0000014     0.0000043     0.0000081     0.0000123     0.0000167     0.0000208     0.0000247     0.0000282     0.0000314     0.0000342     0.0000366     0.0000387     0.0000405     0.0000421     0.0000434     0.0000445
     0.0000000     0.0000000     0.0000000     0.0000000     0.0000000     0.0000000     0.0000001     0.0000003     0.0000007     0.0000011     0.0000017     0.0000022     0.0000028     0.0000034     0.0000040     0.0000045     0.0000051     0.0000055     0.0000060     0.0000064     0.0000067
     0.0000000     0.0000000     0.0000000     0.0000000     0.0000000     0.0000000     0.0000000     0.0000000     0.0000000     0.0000001     0.0000001     0.0000002     0.0000002     0.0000003     0.0000004     0.0000005     0.0000006     0.0000007     0.0000007     0.0000008     0.0000009
     0.0000000     0.0000000     0.0000000     0.0000000     0.0000000     0.0000000     0.0000000     0.0000000     0.0000000     0.0000000     0.0000000     0.0000000     0.0000000     0.0000000     0.0000000     0.0000000     0.0000001     0.0000001     0.0000001     0.0000001     0.0000001
     0.0000000     0.0000000     0.0000000     0.0000000     0.0000000     0.0000000     0.0000000     0.0000000     0.0000000     0.0000000     0.0000000     0.0000000     0.0000000     0.0000000     0.0000000     0.0000000     0.0000000     0.0000000     0.0000000     0.0000000     0.0000000
     0.0000000     0.0000000     0.0000000     0.0000000     0.0000000     0.0000000     0.0000000     0.0000000     0.0000000     0.0000000     0.0000000     0.0000000     0.0000000     0.0000000     0.0000000     0.0000000     0.0000000     0.0000000     0.0000000     0.0000000     0.0000000
     0.0000000     0.0000000     0.0000000     0.0000000     0.0000000     0.0000000     0.0000000     0.0000000     0.0000000     0.0000000     0.0000000     0.0000000     0.0000000     0.0000000     0.0000000     0.0000000     0.0000000     0.0000000     0.0000000     0.0000000     0.0000000
     0.0000000     0.0000000     0.0000000     0.0000000     0.0000000     0.0000000     0.0000000     0.0000000     0.0000000     0.0000000     0.0000000     0.0000000     0.0000000     0.0000000     0.0000000     0.0000000     0.0000000     0.0000000     0.0000000     0.0000000     0.0000000
     0.0000000     0.0000000     0.0000000     0.0000000     0.0000000     0.0000000     0.0000000     0.0000000     0.0000000     0.0000000     0.0000000     0.0000000     0.0000000    -0.0000000    -0.0000000    -0.0000000     0.0000000     0.0000000     0.0000000     0.0000000     0.0000000
     0.0000000     0.0000000     0.0000000     0.0000000     0.0000000     0.0000000     0.0000000     0.0000000     0.0000000     0.0000000     0.0000000     0.0000000     0.0000000     0.0000000     0.0000000     0.0000000     0.0000000     0.0000000     0.0000000     0.0000000     0.0000000
     0.0000000     0.0000000     0.0000000     0.0000000     0.0000000     0.0000000     0.0000000     0.0000000     0.0000000     0.0000000     0.0000000     0.0000000     0.0000000     0.0000000     0.0000000    -0.0000000    -0.0000000    -0.0000000     0.0000000     0.0000000     0.0000000
     0.0000000     0.0000000     0.0000000     0.0000000     0.0000000     0.0000000     0.0000000     0.0000000     0.0000000     0.0000000     0.0000000     0.0000000     0.0000000     0.0000000     0.0000000     0.0000000     0.0000000     0.0000000     0.0000000     0.0000000     0.0000000
     0.0000000     0.0000000     0.0000000     0.0000000     0.0000000     0.0000000     0.0000000     0.0000000     0.0000000     0.0000000     0.0000000     0.0000000     0.0000000     0.0000000     0.0000000     0.0000000     0.0000000    -0.0000000    -0.0000000     0.0000000     0.0000000
     0.0000000     0.0000000     0.0000000     0.0000000     0.0000000     0.0000000     0.0000000     0.0000000     0.0000000     0.0000000     0.0000000     0.0000000     0.0000000     0.0000000     0.0000000     0.0000000     0.0000000     0.0000000     0.0000000     0.0000000     0.0000000
     0.0000000     0.0000000     0.0000000     0.0000000     0.0000000     0.0000000     0.0000000     0.0000000     0.0000000     0.0000000     0.0000000     0.0000000     0.0000000     0.0000000     0.0000000     0.0000000     0.0000000     0.0000000     0.0000000    -0.0000000    -0.0000000
     0.0000000     0.0000000     0.0000000     0.0000000     0.0000000     0.0000000     0.0000000     0.0000000     0.0000000     0.0000000     0.0000000     0.0000000     0.0000000     0.0000000     0.0000000     0.0000000     0.0000000     0.0000000     0.0000000     0.0000000     0.0000000
***********************************************************
                                                          
                                                          
 Maxval matrix G = |L| x |U|               :   964.41452080563602     
 Maxval matrix |A|                         :   1.0000000000000000     
 Growth factor (without pivoting) is       :   964.41452080563602     
 Norm inf A - LU                           :   1.1102230246251565E-016
 Norm inf A - LU  [LAPACK]                 :   1.1102230246251565E-016
 Norm inf A                                :   3.6453587047627294     
 Norm inf A  [LAPACK]                 :   3.6453587047627294     
 Normwise relative backward error (without pivoting) is :   3.0455796384993044E-017
Goodbye from factorization LU without pivoting
=====================================================================
                 ANALYSIS STEP BY STEP LU FACTORIZATION
=====================================================================
 ---Matrix that composes A---
   1.0000000000000000       0.50000000000000000       0.33333333333333331       0.25000000000000000       0.20000000000000001       0.16666666666666666       0.14285714285714285       0.12500000000000000       0.11111111111111110       0.10000000000000001        9.0909090909090912E-002   8.3333333333333329E-002   7.6923076923076927E-002   7.1428571428571425E-002   6.6666666666666666E-002   6.2500000000000000E-002   5.8823529411764705E-002   5.5555555555555552E-002   5.2631578947368418E-002   5.0000000000000003E-002   4.7619047619047616E-002
   0.0000000000000000        8.3333333333333315E-002   8.3333333333333343E-002   7.5000000000000011E-002   6.6666666666666652E-002   5.9523809523809521E-002   5.3571428571428575E-002   4.8611111111111105E-002   4.4444444444444453E-002   4.0909090909090909E-002   3.7878787878787873E-002   3.5256410256410263E-002   3.2967032967032961E-002   3.0952380952380953E-002   2.9166666666666667E-002   2.7573529411764705E-002   2.6143790849673200E-002   2.4853801169590642E-002   2.3684210526315794E-002   2.2619047619047615E-002   2.1645021645021648E-002
   0.0000000000000000        8.3333333333333343E-002   8.8888888888888906E-002   8.3333333333333329E-002   7.6190476190476183E-002   6.9444444444444448E-002   6.3492063492063489E-002   5.8333333333333341E-002   5.3872053872053877E-002   4.9999999999999996E-002   4.6620046620046623E-002   4.3650793650793648E-002   4.1025641025641026E-002   3.8690476190476192E-002   3.6601307189542485E-002   3.4722222222222224E-002   3.3023735810113516E-002   3.1481481481481485E-002   3.0075187969924810E-002   2.8787878787878789E-002   2.7605244996549344E-002
   0.0000000000000000        7.5000000000000011E-002   8.3333333333333329E-002   8.0357142857142849E-002   7.4999999999999997E-002   6.9444444444444448E-002   6.4285714285714293E-002   5.9659090909090912E-002   5.5555555555555552E-002   5.1923076923076926E-002   4.8701298701298697E-002   4.5833333333333337E-002   4.3269230769230768E-002   4.0966386554621849E-002   3.8888888888888890E-002   3.7006578947368418E-002   3.5294117647058823E-002   3.3730158730158728E-002   3.2296650717703351E-002   3.0978260869565215E-002   2.9761904761904760E-002
   0.0000000000000000        6.6666666666666652E-002   7.6190476190476183E-002   7.4999999999999997E-002   7.1111111111111097E-002   6.6666666666666680E-002   6.2337662337662345E-002   5.8333333333333327E-002   5.4700854700854701E-002   5.1428571428571421E-002   4.8484848484848478E-002   4.5833333333333337E-002   4.3438914027149320E-002   4.1269841269841269E-002   3.9298245614035082E-002   3.7500000000000006E-002   3.5854341736694675E-002   3.4343434343434343E-002   3.2951945080091534E-002   3.1666666666666662E-002   3.0476190476190476E-002
   0.0000000000000000        5.9523809523809521E-002   6.9444444444444448E-002   6.9444444444444448E-002   6.6666666666666680E-002   6.3131313131313135E-002   5.9523809523809521E-002   5.6089743589743599E-002   5.2910052910052907E-002   5.0000000000000003E-002   4.7348484848484848E-002   4.4934640522875817E-002   4.2735042735042736E-002   4.0726817042606514E-002   3.8888888888888890E-002   3.7202380952380952E-002   3.5650623885918005E-002   3.4219001610305957E-002   3.2894736842105261E-002   3.1666666666666669E-002   3.0525030525030528E-002
   0.0000000000000000        5.3571428571428575E-002   6.3492063492063489E-002   6.4285714285714293E-002   6.2337662337662345E-002   5.9523809523809521E-002   5.6514913657770810E-002   5.3571428571428568E-002   5.0793650793650794E-002   4.8214285714285716E-002   4.5836516424751721E-002   4.3650793650793648E-002   4.1642567958357427E-002   3.9795918367346944E-002   3.8095238095238092E-002   3.6525974025974031E-002   3.5074899525027403E-002   3.3730158730158728E-002   3.2481203007518798E-002   3.1318681318681318E-002   3.0234315948601660E-002
   0.0000000000000000        4.8611111111111105E-002   5.8333333333333341E-002   5.9659090909090912E-002   5.8333333333333327E-002   5.6089743589743599E-002   5.3571428571428568E-002   5.1041666666666666E-002   4.8611111111111112E-002   4.6323529411764708E-002   4.4191919191919185E-002   4.2214912280701754E-002   4.0384615384615387E-002   3.8690476190476192E-002   3.7121212121212124E-002   3.5665760869565216E-002   3.4313725490196074E-002   3.3055555555555560E-002   3.1882591093117411E-002   3.0787037037037036E-002   2.9761904761904760E-002
   0.0000000000000000        4.4444444444444453E-002   5.3872053872053877E-002   5.5555555555555552E-002   5.4700854700854701E-002   5.2910052910052907E-002   5.0793650793650794E-002   4.8611111111111112E-002   4.6477850399419027E-002   4.4444444444444439E-002   4.2530568846358321E-002   4.0740740740740744E-002   3.9072039072039072E-002   3.7518037518037520E-002   3.6070853462157812E-002   3.4722222222222224E-002   3.3464052287581703E-002   3.2288698955365625E-002   3.1189083820662766E-002   3.0158730158730156E-002   2.9191753329684364E-002
   0.0000000000000000        4.0909090909090909E-002   4.9999999999999996E-002   5.1923076923076926E-002   5.1428571428571421E-002   5.0000000000000003E-002   4.8214285714285716E-002   4.6323529411764708E-002   4.4444444444444439E-002   4.2631578947368416E-002   4.0909090909090909E-002   3.9285714285714285E-002   3.7762237762237763E-002   3.6335403726708071E-002   3.4999999999999996E-002   3.3750000000000002E-002   3.2579185520361993E-002   3.1481481481481478E-002   3.0451127819548871E-002   2.9482758620689654E-002   2.8571428571428571E-002
   0.0000000000000000        3.7878787878787873E-002   4.6620046620046623E-002   4.8701298701298697E-002   4.8484848484848478E-002   4.7348484848484848E-002   4.5836516424751721E-002   4.4191919191919185E-002   4.2530568846358321E-002   4.0909090909090909E-002   3.9354584809130261E-002   3.7878787878787880E-002   3.6485253876558224E-002   3.5173160173160169E-002   3.3939393939393943E-002   3.2779720279720280E-002   3.1689443454149334E-002   3.0663780663780664E-002   2.9698069625474343E-002   2.8787878787878786E-002   2.7929060187124703E-002
   0.0000000000000000        3.5256410256410263E-002   4.3650793650793648E-002   4.5833333333333337E-002   4.5833333333333337E-002   4.4934640522875817E-002   4.3650793650793648E-002   4.2214912280701754E-002   4.0740740740740744E-002   3.9285714285714285E-002   3.7878787878787880E-002   3.6533816425120769E-002   3.5256410256410256E-002   3.4047619047619049E-002   3.2905982905982907E-002   3.1828703703703699E-002   3.0812324929971987E-002   2.9853128991060025E-002   2.8947368421052631E-002   2.8091397849462366E-002   2.7281746031746032E-002
   0.0000000000000000        3.2967032967032961E-002   4.1025641025641026E-002   4.3269230769230768E-002   4.3438914027149320E-002   4.2735042735042736E-002   4.1642567958357427E-002   4.0384615384615387E-002   3.9072039072039072E-002   3.7762237762237763E-002   3.6485253876558224E-002   3.5256410256410256E-002   3.4082840236686389E-002   3.2967032967032968E-002   3.1908831908831904E-002   3.0906593406593404E-002   2.9957871742861599E-002   2.9059829059829061E-002   2.8209481520177614E-002   2.7403846153846154E-002   2.6640026640026640E-002
   0.0000000000000000        3.0952380952380953E-002   3.8690476190476192E-002   4.0966386554621849E-002   4.1269841269841269E-002   4.0726817042606514E-002   3.9795918367346944E-002   3.8690476190476192E-002   3.7518037518037520E-002   3.6335403726708071E-002   3.5173160173160169E-002   3.4047619047619049E-002   3.2967032967032968E-002   3.1934996220710506E-002   3.0952380952380950E-002   3.0018472906403942E-002   2.9131652661064426E-002   2.8289810547875063E-002   2.7490601503759399E-002   2.6731601731601731E-002   2.6010404161664665E-002
   0.0000000000000000        2.9166666666666667E-002   3.6601307189542485E-002   3.8888888888888890E-002   3.9298245614035082E-002   3.8888888888888890E-002   3.8095238095238092E-002   3.7121212121212124E-002   3.6070853462157812E-002   3.4999999999999996E-002   3.3939393939393943E-002   3.2905982905982907E-002   3.1908831908831904E-002   3.0952380952380950E-002   3.0038314176245209E-002   2.9166666666666667E-002   2.8336495888678051E-002   2.7546296296296298E-002   2.6794258373205742E-002   2.6078431372549019E-002   2.5396825396825397E-002
   0.0000000000000000        2.7573529411764705E-002   3.4722222222222224E-002   3.7006578947368418E-002   3.7500000000000006E-002   3.7202380952380952E-002   3.6525974025974031E-002   3.5665760869565216E-002   3.4722222222222224E-002   3.3750000000000002E-002   3.2779720279720280E-002   3.1828703703703699E-002   3.0906593406593404E-002   3.0018472906403942E-002   2.9166666666666667E-002   2.8351814516129031E-002   2.7573529411764705E-002   2.6830808080808080E-002   2.6122291021671826E-002   2.5446428571428571E-002   2.4801587301587300E-002
   0.0000000000000000        2.6143790849673200E-002   3.3023735810113516E-002   3.5294117647058823E-002   3.5854341736694675E-002   3.5650623885918005E-002   3.5074899525027403E-002   3.4313725490196074E-002   3.3464052287581703E-002   3.2579185520361993E-002   3.1689443454149334E-002   3.0812324929971987E-002   2.9957871742861599E-002   2.9131652661064426E-002   2.8336495888678051E-002   2.7573529411764705E-002   2.6842822690573555E-002   2.6143790849673203E-002   2.5475453339230427E-002   2.4836601307189541E-002   2.4225906578847756E-002
   0.0000000000000000        2.4853801169590642E-002   3.1481481481481485E-002   3.3730158730158728E-002   3.4343434343434343E-002   3.4219001610305957E-002   3.3730158730158728E-002   3.3055555555555560E-002   3.2288698955365625E-002   3.1481481481481478E-002   3.0663780663780664E-002   2.9853128991060025E-002   2.9059829059829061E-002   2.8289810547875063E-002   2.7546296296296298E-002   2.6830808080808080E-002   2.6143790849673203E-002   2.5485008818342151E-002   2.4853801169590642E-002   2.4249249249249250E-002   2.3670286828181564E-002
   0.0000000000000000        2.3684210526315794E-002   3.0075187969924810E-002   3.2296650717703351E-002   3.2951945080091534E-002   3.2894736842105261E-002   3.2481203007518798E-002   3.1882591093117411E-002   3.1189083820662766E-002   3.0451127819548871E-002   2.9698069625474343E-002   2.8947368421052631E-002   2.8209481520177614E-002   2.7490601503759399E-002   2.6794258373205742E-002   2.6122291021671826E-002   2.5475453339230427E-002   2.4853801169590642E-002   2.4256943924533952E-002   2.3684210526315787E-002   2.3134759976865239E-002
   0.0000000000000000        2.2619047619047615E-002   2.8787878787878789E-002   3.0978260869565215E-002   3.1666666666666662E-002   3.1666666666666669E-002   3.1318681318681318E-002   3.0787037037037036E-002   3.0158730158730156E-002   2.9482758620689654E-002   2.8787878787878786E-002   2.8091397849462366E-002   2.7403846153846154E-002   2.6731601731601731E-002   2.6078431372549019E-002   2.5446428571428571E-002   2.4836601307189541E-002   2.4249249249249250E-002   2.3684210526315787E-002   2.3141025641025638E-002   2.2619047619047622E-002
   0.0000000000000000        2.1645021645021648E-002   2.7605244996549344E-002   2.9761904761904760E-002   3.0476190476190476E-002   3.0525030525030528E-002   3.0234315948601660E-002   2.9761904761904760E-002   2.9191753329684364E-002   2.8571428571428571E-002   2.7929060187124703E-002   2.7281746031746032E-002   2.6640026640026640E-002   2.6010404161664665E-002   2.5396825396825397E-002   2.4801587301587300E-002   2.4225906578847756E-002   2.3670286828181564E-002   2.3134759976865239E-002   2.2619047619047622E-002   2.2122670206293903E-002
 ----------------------------
 at Step           1   max|A_k|     is:   1.0000000000000000     
 at Step           1   max|A|       is:   1.0000000000000000     
 at Step           1   growth factor  :   1.0000000000000000     
 ---Matrix that composes A---
   1.0000000000000000       0.50000000000000000       0.33333333333333331       0.25000000000000000       0.20000000000000001       0.16666666666666666       0.14285714285714285       0.12500000000000000       0.11111111111111110       0.10000000000000001        9.0909090909090912E-002   8.3333333333333329E-002   7.6923076923076927E-002   7.1428571428571425E-002   6.6666666666666666E-002   6.2500000000000000E-002   5.8823529411764705E-002   5.5555555555555552E-002   5.2631578947368418E-002   5.0000000000000003E-002   4.7619047619047616E-002
   0.0000000000000000        8.3333333333333315E-002   8.3333333333333343E-002   7.5000000000000011E-002   6.6666666666666652E-002   5.9523809523809521E-002   5.3571428571428575E-002   4.8611111111111105E-002   4.4444444444444453E-002   4.0909090909090909E-002   3.7878787878787873E-002   3.5256410256410263E-002   3.2967032967032961E-002   3.0952380952380953E-002   2.9166666666666667E-002   2.7573529411764705E-002   2.6143790849673200E-002   2.4853801169590642E-002   2.3684210526315794E-002   2.2619047619047615E-002   2.1645021645021648E-002
   0.0000000000000000        8.3333333333333343E-002   8.8888888888888906E-002   8.3333333333333329E-002   7.6190476190476183E-002   6.9444444444444448E-002   6.3492063492063489E-002   5.8333333333333341E-002   5.3872053872053877E-002   4.9999999999999996E-002   4.6620046620046623E-002   4.3650793650793648E-002   4.1025641025641026E-002   3.8690476190476192E-002   3.6601307189542485E-002   3.4722222222222224E-002   3.3023735810113516E-002   3.1481481481481485E-002   3.0075187969924810E-002   2.8787878787878789E-002   2.7605244996549344E-002
   0.0000000000000000        7.5000000000000011E-002   8.3333333333333329E-002   8.0357142857142849E-002   7.4999999999999997E-002   6.9444444444444448E-002   6.4285714285714293E-002   5.9659090909090912E-002   5.5555555555555552E-002   5.1923076923076926E-002   4.8701298701298697E-002   4.5833333333333337E-002   4.3269230769230768E-002   4.0966386554621849E-002   3.8888888888888890E-002   3.7006578947368418E-002   3.5294117647058823E-002   3.3730158730158728E-002   3.2296650717703351E-002   3.0978260869565215E-002   2.9761904761904760E-002
   0.0000000000000000        6.6666666666666652E-002   7.6190476190476183E-002   7.4999999999999997E-002   7.1111111111111097E-002   6.6666666666666680E-002   6.2337662337662345E-002   5.8333333333333327E-002   5.4700854700854701E-002   5.1428571428571421E-002   4.8484848484848478E-002   4.5833333333333337E-002   4.3438914027149320E-002   4.1269841269841269E-002   3.9298245614035082E-002   3.7500000000000006E-002   3.5854341736694675E-002   3.4343434343434343E-002   3.2951945080091534E-002   3.1666666666666662E-002   3.0476190476190476E-002
   0.0000000000000000        5.9523809523809521E-002   6.9444444444444448E-002   6.9444444444444448E-002   6.6666666666666680E-002   6.3131313131313135E-002   5.9523809523809521E-002   5.6089743589743599E-002   5.2910052910052907E-002   5.0000000000000003E-002   4.7348484848484848E-002   4.4934640522875817E-002   4.2735042735042736E-002   4.0726817042606514E-002   3.8888888888888890E-002   3.7202380952380952E-002   3.5650623885918005E-002   3.4219001610305957E-002   3.2894736842105261E-002   3.1666666666666669E-002   3.0525030525030528E-002
   0.0000000000000000        5.3571428571428575E-002   6.3492063492063489E-002   6.4285714285714293E-002   6.2337662337662345E-002   5.9523809523809521E-002   5.6514913657770810E-002   5.3571428571428568E-002   5.0793650793650794E-002   4.8214285714285716E-002   4.5836516424751721E-002   4.3650793650793648E-002   4.1642567958357427E-002   3.9795918367346944E-002   3.8095238095238092E-002   3.6525974025974031E-002   3.5074899525027403E-002   3.3730158730158728E-002   3.2481203007518798E-002   3.1318681318681318E-002   3.0234315948601660E-002
   0.0000000000000000        4.8611111111111105E-002   5.8333333333333341E-002   5.9659090909090912E-002   5.8333333333333327E-002   5.6089743589743599E-002   5.3571428571428568E-002   5.1041666666666666E-002   4.8611111111111112E-002   4.6323529411764708E-002   4.4191919191919185E-002   4.2214912280701754E-002   4.0384615384615387E-002   3.8690476190476192E-002   3.7121212121212124E-002   3.5665760869565216E-002   3.4313725490196074E-002   3.3055555555555560E-002   3.1882591093117411E-002   3.0787037037037036E-002   2.9761904761904760E-002
   0.0000000000000000        4.4444444444444453E-002   5.3872053872053877E-002   5.5555555555555552E-002   5.4700854700854701E-002   5.2910052910052907E-002   5.0793650793650794E-002   4.8611111111111112E-002   4.6477850399419027E-002   4.4444444444444439E-002   4.2530568846358321E-002   4.0740740740740744E-002   3.9072039072039072E-002   3.7518037518037520E-002   3.6070853462157812E-002   3.4722222222222224E-002   3.3464052287581703E-002   3.2288698955365625E-002   3.1189083820662766E-002   3.0158730158730156E-002   2.9191753329684364E-002
   0.0000000000000000        4.0909090909090909E-002   4.9999999999999996E-002   5.1923076923076926E-002   5.1428571428571421E-002   5.0000000000000003E-002   4.8214285714285716E-002   4.6323529411764708E-002   4.4444444444444439E-002   4.2631578947368416E-002   4.0909090909090909E-002   3.9285714285714285E-002   3.7762237762237763E-002   3.6335403726708071E-002   3.4999999999999996E-002   3.3750000000000002E-002   3.2579185520361993E-002   3.1481481481481478E-002   3.0451127819548871E-002   2.9482758620689654E-002   2.8571428571428571E-002
   0.0000000000000000        3.7878787878787873E-002   4.6620046620046623E-002   4.8701298701298697E-002   4.8484848484848478E-002   4.7348484848484848E-002   4.5836516424751721E-002   4.4191919191919185E-002   4.2530568846358321E-002   4.0909090909090909E-002   3.9354584809130261E-002   3.7878787878787880E-002   3.6485253876558224E-002   3.5173160173160169E-002   3.3939393939393943E-002   3.2779720279720280E-002   3.1689443454149334E-002   3.0663780663780664E-002   2.9698069625474343E-002   2.8787878787878786E-002   2.7929060187124703E-002
   0.0000000000000000        3.5256410256410263E-002   4.3650793650793648E-002   4.5833333333333337E-002   4.5833333333333337E-002   4.4934640522875817E-002   4.3650793650793648E-002   4.2214912280701754E-002   4.0740740740740744E-002   3.9285714285714285E-002   3.7878787878787880E-002   3.6533816425120769E-002   3.5256410256410256E-002   3.4047619047619049E-002   3.2905982905982907E-002   3.1828703703703699E-002   3.0812324929971987E-002   2.9853128991060025E-002   2.8947368421052631E-002   2.8091397849462366E-002   2.7281746031746032E-002
